1,4
1,9
1,16
1,25
1,36
1,49
1,64
1,81
1,100
1,121
1,144
1,169
1,196
1,225
1,256
1,289
1,324
1,361
1,400
1,441
1,484
1,529
1,576
1,625
1,676
1,729
1,784
1,841
1,900
1,961
1,1024
1,1089
1,1156
1,1225
1,1296
1,1369
1,1444
1,1521
1,1600
1,1681
1,1764
1,1849
1,1936
1,2025
1,2116
1,2209
1,2304
1,2401
1,2500
1,2601
1,2704
1,2809
1,2916
1,3025
1,3136
1,3249
1,3364
1,3481
1,3600
1,3721
1,3844
1,3969
1,4096
1,4225
1,4356
1,4489
1,4624
1,4761
1,4900
1,5041
1,5184
1,5329
1,5476
1,5625
1,5776
1,5929
1,6084
1,6241
1,6400
1,6561
1,6724
1,6889
1,7056
1,7225
1,7396
1,7569
1,7744
1,7921
1,8100
1,8281
1,8464
1,8649
1,8836
1,9025
1,9216
1,9409
1,9604
1,9801
1,10000
4,9
4,16
4,25
4,36
4,49
4,64
4,81
4,100
4,121
4,144
4,169
4,196
4,225
4,256
4,289
4,324
4,361
4,400
4,441
4,484
4,529
4,576
4,625
4,676
4,729
4,784
4,841
4,900
4,961
4,1024
4,1089
4,1156
4,1225
4,1296
4,1369
4,1444
4,1521
4,1600
4,1681
4,1764
4,1849
4,1936
4,2025
4,2116
4,2209
4,2304
4,2401
4,2500
4,2601
4,2704
4,2809
4,2916
4,3025
4,3136
4,3249
4,3364
4,3481
4,3600
4,3721
4,3844
4,3969
4,4096
4,4225
4,4356
4,4489
4,4624
4,4761
4,4900
4,5041
4,5184
4,5329
4,5476
4,5625
4,5776
4,5929
4,6084
4,6241
4,6400
4,6561
4,6724
4,6889
4,7056
4,7225
4,7396
4,7569
4,7744
4,7921
4,8100
4,8281
4,8464
4,8649
4,8836
4,9025
4,9216
4,9409
4,9604
4,9801
4,10000
9,16
9,25
9,36
9,49
9,64
9,81
9,100
9,121
9,144
9,169
9,196
9,225
9,256
9,289
9,324
9,361
9,400
9,441
9,484
9,529
9,576
9,625
9,676
9,729
9,784
9,841
9,900
9,961
9,1024
9,1089
9,1156
9,1225
9,1296
9,1369
9,1444
9,1521
9,1600
9,1681
9,1764
9,1849
9,1936
9,2025
9,2116
9,2209
9,2304
9,2401
9,2500
9,2601
9,2704
9,2809
9,2916
9,3025
9,3136
9,3249
9,3364
9,3481
9,3600
9,3721
9,3844
9,3969
9,4096
9,4225
9,4356
9,4489
9,4624
9,4761
9,4900
9,5041
9,5184
9,5329
9,5476
9,5625
9,5776
9,5929
9,6084
9,6241
9,6400
9,6561
9,6724
9,6889
9,7056
9,7225
9,7396
9,7569
9,7744
9,7921
9,8100
9,8281
9,8464
9,8649
9,8836
9,9025
9,9216
9,9409
9,9604
9,9801
9,10000
16,25
16,36
16,49
16,64
16,81
16,100
16,121
16,144
16,169
16,196
16,225
16,256
16,289
16,324
16,361
16,400
16,441
16,484
16,529
16,576
16,625
16,676
16,729
16,784
16,841
16,900
16,961
16,1024
16,1089
16,1156
16,1225
16,1296
16,1369
16,1444
16,1521
16,1600
16,1681
16,1764
16,1849
16,1936
16,2025
16,2116
16,2209
16,2304
16,2401
16,2500
16,2601
16,2704
16,2809
16,2916
16,3025
16,3136
16,3249
16,3364
16,3481
16,3600
16,3721
16,3844
16,3969
16,4096
16,4225
16,4356
16,4489
16,4624
16,4761
16,4900
16,5041
16,5184
16,5329
16,5476
16,5625
16,5776
16,5929
16,6084
16,6241
16,6400
16,6561
16,6724
16,6889
16,7056
16,7225
16,7396
16,7569
16,7744
16,7921
16,8100
16,8281
16,8464
16,8649
16,8836
16,9025
16,9216
16,9409
16,9604
16,9801
16,10000
25,36
25,49
25,64
25,81
25,100
25,121
25,144
25,169
25,196
25,225
25,256
25,289
25,324
25,361
25,400
25,441
25,484
25,529
25,576
25,625
25,676
25,729
25,784
25,841
25,900
25,961
25,1024
25,1089
25,1156
25,1225
25,1296
25,1369
25,1444
25,1521
25,1600
25,1681
25,1764
25,1849
25,1936
25,2025
25,2116
25,2209
25,2304
25,2401
25,2500
25,2601
25,2704
25,2809
25,2916
25,3025
25,3136
25,3249
25,3364
25,3481
25,3600
25,3721
25,3844
25,3969
25,4096
25,4225
25,4356
25,4489
25,4624
25,4761
25,4900
25,5041
25,5184
25,5329
25,5476
25,5625
25,5776
25,5929
25,6084
25,6241
25,6400
25,6561
25,6724
25,6889
25,7056
25,7225
25,7396
25,7569
25,7744
25,7921
25,8100
25,8281
25,8464
25,8649
25,8836
25,9025
25,9216
25,9409
25,9604
25,9801
25,10000
36,49
36,64
36,81
36,100
36,121
36,144
36,169
36,196
36,225
36,256
36,289
36,324
36,361
36,400
36,441
36,484
36,529
36,576
36,625
36,676
36,729
36,784
36,841
36,900
36,961
36,1024
36,1089
36,1156
36,1225
36,1296
36,1369
36,1444
36,1521
36,1600
36,1681
36,1764
36,1849
36,1936
36,2025
36,2116
36,2209
36,2304
36,2401
36,2500
36,2601
36,2704
36,2809
36,2916
36,3025
36,3136
36,3249
36,3364
36,3481
36,3600
36,3721
36,3844
36,3969
36,4096
36,4225
36,4356
36,4489
36,4624
36,4761
36,4900
36,5041
36,5184
36,5329
36,5476
36,5625
36,5776
36,5929
36,6084
36,6241
36,6400
36,6561
36,6724
36,6889
36,7056
36,7225
36,7396
36,7569
36,7744
36,7921
36,8100
36,8281
36,8464
36,8649
36,8836
36,9025
36,9216
36,9409
36,9604
36,9801
36,10000
49,64
49,81
49,100
49,121
49,144
49,169
49,196
49,225
49,256
49,289
49,324
49,361
49,400
49,441
49,484
49,529
49,576
49,625
49,676
49,729
49,784
49,841
49,900
49,961
49,1024
49,1089
49,1156
49,1225
49,1296
49,1369
49,1444
49,1521
49,1600
49,1681
49,1764
49,1849
49,1936
49,2025
49,2116
49,2209
49,2304
49,2401
49,2500
49,2601
49,2704
49,2809
49,2916
49,3025
49,3136
49,3249
49,3364
49,3481
49,3600
49,3721
49,3844
49,3969
49,4096
49,4225
49,4356
49,4489
49,4624
49,4761
49,4900
49,5041
49,5184
49,5329
49,5476
49,5625
49,5776
49,5929
49,6084
49,6241
49,6400
49,6561
49,6724
49,6889
49,7056
49,7225
49,7396
49,7569
49,7744
49,7921
49,8100
49,8281
49,8464
49,8649
49,8836
49,9025
49,9216
49,9409
49,9604
49,9801
49,10000
64,81
64,100
64,121
64,144
64,169
64,196
64,225
64,256
64,289
64,324
64,361
64,400
64,441
64,484
64,529
64,576
64,625
64,676
64,729
64,784
64,841
64,900
64,961
64,1024
64,1089
64,1156
64,1225
64,1296
64,1369
64,1444
64,1521
64,1600
64,1681
64,1764
64,1849
64,1936
64,2025
64,2116
64,2209
64,2304
64,2401
64,2500
64,2601
64,2704
64,2809
64,2916
64,3025
64,3136
64,3249
64,3364
64,3481
64,3600
64,3721
64,3844
64,3969
64,4096
64,4225
64,4356
64,4489
64,4624
64,4761
64,4900
64,5041
64,5184
64,5329
64,5476
64,5625
64,5776
64,5929
64,6084
64,6241
64,6400
64,6561
64,6724
64,6889
64,7056
64,7225
64,7396
64,7569
64,7744
64,7921
64,8100
64,8281
64,8464
64,8649
64,8836
64,9025
64,9216
64,9409
64,9604
64,9801
64,10000
81,100
81,121
81,144
81,169
81,196
81,225
81,256
81,289
81,324
81,361
81,400
81,441
81,484
81,529
81,576
81,625
81,676
81,729
81,784
81,841
81,900
81,961
81,1024
81,1089
81,1156
81,1225
81,1296
81,1369
81,1444
81,1521
81,1600
81,1681
81,1764
81,1849
81,1936
81,2025
81,2116
81,2209
81,2304
81,2401
81,2500
81,2601
81,2704
81,2809
81,2916
81,3025
81,3136
81,3249
81,3364
81,3481
81,3600
81,3721
81,3844
81,3969
81,4096
81,4225
81,4356
81,4489
81,4624
81,4761
81,4900
81,5041
81,5184
81,5329
81,5476
81,5625
81,5776
81,5929
81,6084
81,6241
81,6400
81,6561
81,6724
81,6889
81,7056
81,7225
81,7396
81,7569
81,7744
81,7921
81,8100
81,8281
81,8464
81,8649
81,8836
81,9025
81,9216
81,9409
81,9604
81,9801
81,10000
100,121
100,144
100,169
100,196
100,225
100,256
100,289
100,324
100,361
100,400
100,441
100,484
100,529
100,576
100,625
100,676
100,729
100,784
100,841
100,900
100,961
100,1024
100,1089
100,1156
100,1225
100,1296
100,1369
100,1444
100,1521
100,1600
100,1681
100,1764
100,1849
100,1936
100,2025
100,2116
100,2209
100,2304
100,2401
100,2500
100,2601
100,2704
100,2809
100,2916
100,3025
100,3136
100,3249
100,3364
100,3481
100,3600
100,3721
100,3844
100,3969
100,4096
100,4225
100,4356
100,4489
100,4624
100,4761
100,4900
100,5041
100,5184
100,5329
100,5476
100,5625
100,5776
100,5929
100,6084
100,6241
100,6400
100,6561
100,6724
100,6889
100,7056
100,7225
100,7396
100,7569
100,7744
100,7921
100,8100
100,8281
100,8464
100,8649
100,8836
100,9025
100,9216
100,9409
100,9604
100,9801
100,10000
121,144
121,169
121,196
121,225
121,256
121,289
121,324
121,361
121,400
121,441
121,484
121,529
121,576
121,625
121,676
121,729
121,784
121,841
121,900
121,961
121,1024
121,1089
121,1156
121,1225
121,1296
121,1369
121,1444
121,1521
121,1600
121,1681
121,1764
121,1849
121,1936
121,2025
121,2116
121,2209
121,2304
121,2401
121,2500
121,2601
121,2704
121,2809
121,2916
121,3025
121,3136
121,3249
121,3364
121,3481
121,3600
121,3721
121,3844
121,3969
121,4096
121,4225
121,4356
121,4489
121,4624
121,4761
121,4900
121,5041
121,5184
121,5329
121,5476
121,5625
121,5776
121,5929
121,6084
121,6241
121,6400
121,6561
121,6724
121,6889
121,7056
121,7225
121,7396
121,7569
121,7744
121,7921
121,8100
121,8281
121,8464
121,8649
121,8836
121,9025
121,9216
121,9409
121,9604
121,9801
121,10000
144,169
144,196
144,225
144,256
144,289
144,324
144,361
144,400
144,441
144,484
144,529
144,576
144,625
144,676
144,729
144,784
144,841
144,900
144,961
144,1024
144,1089
144,1156
144,1225
144,1296
144,1369
144,1444
144,1521
144,1600
144,1681
144,1764
144,1849
144,1936
144,2025
144,2116
144,2209
144,2304
144,2401
144,2500
144,2601
144,2704
144,2809
144,2916
144,3025
144,3136
144,3249
144,3364
144,3481
144,3600
144,3721
144,3844
144,3969
144,4096
144,4225
144,4356
144,4489
144,4624
144,4761
144,4900
144,5041
144,5184
144,5329
144,5476
144,5625
144,5776
144,5929
144,6084
144,6241
144,6400
144,6561
144,6724
144,6889
144,7056
144,7225
144,7396
144,7569
144,7744
144,7921
144,8100
144,8281
144,8464
144,8649
144,8836
144,9025
144,9216
144,9409
144,9604
144,9801
144,10000
169,196
169,225
169,256
169,289
169,324
169,361
169,400
169,441
169,484
169,529
169,576
169,625
169,676
169,729
169,784
169,841
169,900
169,961
169,1024
169,1089
169,1156
169,1225
169,1296
169,1369
169,1444
169,1521
169,1600
169,1681
169,1764
169,1849
169,1936
169,2025
169,2116
169,2209
169,2304
169,2401
169,2500
169,2601
169,2704
169,2809
169,2916
169,3025
169,3136
169,3249
169,3364
169,3481
169,3600
169,3721
169,3844
169,3969
169,4096
169,4225
169,4356
169,4489
169,4624
169,4761
169,4900
169,5041
169,5184
169,5329
169,5476
169,5625
169,5776
169,5929
169,6084
169,6241
169,6400
169,6561
169,6724
169,6889
169,7056
169,7225
169,7396
169,7569
169,7744
169,7921
169,8100
169,8281
169,8464
169,8649
169,8836
169,9025
169,9216
169,9409
169,9604
169,9801
169,10000
196,225
196,256
196,289
196,324
196,361
196,400
196,441
196,484
196,529
196,576
196,625
196,676
196,729
196,784
196,841
196,900
196,961
196,1024
196,1089
196,1156
196,1225
196,1296
196,1369
196,1444
196,1521
196,1600
196,1681
196,1764
196,1849
196,1936
196,2025
196,2116
196,2209
196,2304
196,2401
196,2500
196,2601
196,2704
196,2809
196,2916
196,3025
196,3136
196,3249
196,3364
196,3481
196,3600
196,3721
196,3844
196,3969
196,4096
196,4225
196,4356
196,4489
196,4624
196,4761
196,4900
196,5041
196,5184
196,5329
196,5476
196,5625
196,5776
196,5929
196,6084
196,6241
196,6400
196,6561
196,6724
196,6889
196,7056
196,7225
196,7396
196,7569
196,7744
196,7921
196,8100
196,8281
196,8464
196,8649
196,8836
196,9025
196,9216
196,9409
196,9604
196,9801
196,10000
225,256
225,289
225,324
225,361
225,400
225,441
225,484
225,529
225,576
225,625
225,676
225,729
225,784
225,841
225,900
225,961
225,1024
225,1089
225,1156
225,1225
225,1296
225,1369
225,1444
225,1521
225,1600
225,1681
225,1764
225,1849
225,1936
225,2025
225,2116
225,2209
225,2304
225,2401
225,2500
225,2601
225,2704
225,2809
225,2916
225,3025
225,3136
225,3249
225,3364
225,3481
225,3600
225,3721
225,3844
225,3969
225,4096
225,4225
225,4356
225,4489
225,4624
225,4761
225,4900
225,5041
225,5184
225,5329
225,5476
225,5625
225,5776
225,5929
225,6084
225,6241
225,6400
225,6561
225,6724
225,6889
225,7056
225,7225
225,7396
225,7569
225,7744
225,7921
225,8100
225,8281
225,8464
225,8649
225,8836
225,9025
225,9216
225,9409
225,9604
225,9801
225,10000
256,289
256,324
256,361
256,400
256,441
256,484
256,529
256,576
256,625
256,676
256,729
256,784
256,841
256,900
256,961
256,1024
256,1089
256,1156
256,1225
256,1296
256,1369
256,1444
256,1521
256,1600
256,1681
256,1764
256,1849
256,1936
256,2025
256,2116
256,2209
256,2304
256,2401
256,2500
256,2601
256,2704
256,2809
256,2916
256,3025
256,3136
256,3249
256,3364
256,3481
256,3600
256,3721
256,3844
256,3969
256,4096
256,4225
256,4356
256,4489
256,4624
256,4761
256,4900
256,5041
256,5184
256,5329
256,5476
256,5625
256,5776
256,5929
256,6084
256,6241
256,6400
256,6561
256,6724
256,6889
256,7056
256,7225
256,7396
256,7569
256,7744
256,7921
256,8100
256,8281
256,8464
256,8649
256,8836
256,9025
256,9216
256,9409
256,9604
256,9801
256,10000
289,324
289,361
289,400
289,441
289,484
289,529
289,576
289,625
289,676
289,729
289,784
289,841
289,900
289,961
289,1024
289,1089
289,1156
289,1225
289,1296
289,1369
289,1444
289,1521
289,1600
289,1681
289,1764
289,1849
289,1936
289,2025
289,2116
289,2209
289,2304
289,2401
289,2500
289,2601
289,2704
289,2809
289,2916
289,3025
289,3136
289,3249
289,3364
289,3481
289,3600
289,3721
289,3844
289,3969
289,4096
289,4225
289,4356
289,4489
289,4624
289,4761
289,4900
289,5041
289,5184
289,5329
289,5476
289,5625
289,5776
289,5929
289,6084
289,6241
289,6400
289,6561
289,6724
289,6889
289,7056
289,7225
289,7396
289,7569
289,7744
289,7921
289,8100
289,8281
289,8464
289,8649
289,8836
289,9025
289,9216
289,9409
289,9604
289,9801
289,10000
324,361
324,400
324,441
324,484
324,529
324,576
324,625
324,676
324,729
324,784
324,841
324,900
324,961
324,1024
324,1089
324,1156
324,1225
324,1296
324,1369
324,1444
324,1521
324,1600
324,1681
324,1764
324,1849
324,1936
324,2025
324,2116
324,2209
324,2304
324,2401
324,2500
324,2601
324,2704
324,2809
324,2916
324,3025
324,3136
324,3249
324,3364
324,3481
324,3600
324,3721
324,3844
324,3969
324,4096
324,4225
324,4356
324,4489
324,4624
324,4761
324,4900
324,5041
324,5184
324,5329
324,5476
324,5625
324,5776
324,5929
324,6084
324,6241
324,6400
324,6561
324,6724
324,6889
324,7056
324,7225
324,7396
324,7569
324,7744
324,7921
324,8100
324,8281
324,8464
324,8649
324,8836
324,9025
324,9216
324,9409
324,9604
324,9801
324,10000
361,400
361,441
361,484
361,529
361,576
361,625
361,676
361,729
361,784
361,841
361,900
361,961
361,1024
361,1089
361,1156
361,1225
361,1296
361,1369
361,1444
361,1521
361,1600
361,1681
361,1764
361,1849
361,1936
361,2025
361,2116
361,2209
361,2304
361,2401
361,2500
361,2601
361,2704
361,2809
361,2916
361,3025
361,3136
361,3249
361,3364
361,3481
361,3600
361,3721
361,3844
361,3969
361,4096
361,4225
361,4356
361,4489
361,4624
361,4761
361,4900
361,5041
361,5184
361,5329
361,5476
361,5625
361,5776
361,5929
361,6084
361,6241
361,6400
361,6561
361,6724
361,6889
361,7056
361,7225
361,7396
361,7569
361,7744
361,7921
361,8100
361,8281
361,8464
361,8649
361,8836
361,9025
361,9216
361,9409
361,9604
361,9801
361,10000
400,441
400,484
400,529
400,576
400,625
400,676
400,729
400,784
400,841
400,900
400,961
400,1024
400,1089
400,1156
400,1225
400,1296
400,1369
400,1444
400,1521
400,1600
400,1681
400,1764
400,1849
400,1936
400,2025
400,2116
400,2209
400,2304
400,2401
400,2500
400,2601
400,2704
400,2809
400,2916
400,3025
400,3136
400,3249
400,3364
400,3481
400,3600
400,3721
400,3844
400,3969
400,4096
400,4225
400,4356
400,4489
400,4624
400,4761
400,4900
400,5041
400,5184
400,5329
400,5476
400,5625
400,5776
400,5929
400,6084
400,6241
400,6400
400,6561
400,6724
400,6889
400,7056
400,7225
400,7396
400,7569
400,7744
400,7921
400,8100
400,8281
400,8464
400,8649
400,8836
400,9025
400,9216
400,9409
400,9604
400,9801
400,10000
441,484
441,529
441,576
441,625
441,676
441,729
441,784
441,841
441,900
441,961
441,1024
441,1089
441,1156
441,1225
441,1296
441,1369
441,1444
441,1521
441,1600
441,1681
441,1764
441,1849
441,1936
441,2025
441,2116
441,2209
441,2304
441,2401
441,2500
441,2601
441,2704
441,2809
441,2916
441,3025
441,3136
441,3249
441,3364
441,3481
441,3600
441,3721
441,3844
441,3969
441,4096
441,4225
441,4356
441,4489
441,4624
441,4761
441,4900
441,5041
441,5184
441,5329
441,5476
441,5625
441,5776
441,5929
441,6084
441,6241
441,6400
441,6561
441,6724
441,6889
441,7056
441,7225
441,7396
441,7569
441,7744
441,7921
441,8100
441,8281
441,8464
441,8649
441,8836
441,9025
441,9216
441,9409
441,9604
441,9801
441,10000
484,529
484,576
484,625
484,676
484,729
484,784
484,841
484,900
484,961
484,1024
484,1089
484,1156
484,1225
484,1296
484,1369
484,1444
484,1521
484,1600
484,1681
484,1764
484,1849
484,1936
484,2025
484,2116
484,2209
484,2304
484,2401
484,2500
484,2601
484,2704
484,2809
484,2916
484,3025
484,3136
484,3249
484,3364
484,3481
484,3600
484,3721
484,3844
484,3969
484,4096
484,4225
484,4356
484,4489
484,4624
484,4761
484,4900
484,5041
484,5184
484,5329
484,5476
484,5625
484,5776
484,5929
484,6084
484,6241
484,6400
484,6561
484,6724
484,6889
484,7056
484,7225
484,7396
484,7569
484,7744
484,7921
484,8100
484,8281
484,8464
484,8649
484,8836
484,9025
484,9216
484,9409
484,9604
484,9801
484,10000
529,576
529,625
529,676
529,729
529,784
529,841
529,900
529,961
529,1024
529,1089
529,1156
529,1225
529,1296
529,1369
529,1444
529,1521
529,1600
529,1681
529,1764
529,1849
529,1936
529,2025
529,2116
529,2209
529,2304
529,2401
529,2500
529,2601
529,2704
529,2809
529,2916
529,3025
529,3136
529,3249
529,3364
529,3481
529,3600
529,3721
529,3844
529,3969
529,4096
529,4225
529,4356
529,4489
529,4624
529,4761
529,4900
529,5041
529,5184
529,5329
529,5476
529,5625
529,5776
529,5929
529,6084
529,6241
529,6400
529,6561
529,6724
529,6889
529,7056
529,7225
529,7396
529,7569
529,7744
529,7921
529,8100
529,8281
529,8464
529,8649
529,8836
529,9025
529,9216
529,9409
529,9604
529,9801
529,10000
576,625
576,676
576,729
576,784
576,841
576,900
576,961
576,1024
576,1089
576,1156
576,1225
576,1296
576,1369
576,1444
576,1521
576,1600
576,1681
576,1764
576,1849
576,1936
576,2025
576,2116
576,2209
576,2304
576,2401
576,2500
576,2601
576,2704
576,2809
576,2916
576,3025
576,3136
576,3249
576,3364
576,3481
576,3600
576,3721
576,3844
576,3969
576,4096
576,4225
576,4356
576,4489
576,4624
576,4761
576,4900
576,5041
576,5184
576,5329
576,5476
576,5625
576,5776
576,5929
576,6084
576,6241
576,6400
576,6561
576,6724
576,6889
576,7056
576,7225
576,7396
576,7569
576,7744
576,7921
576,8100
576,8281
576,8464
576,8649
576,8836
576,9025
576,9216
576,9409
576,9604
576,9801
576,10000
625,676
625,729
625,784
625,841
625,900
625,961
625,1024
625,1089
625,1156
625,1225
625,1296
625,1369
625,1444
625,1521
625,1600
625,1681
625,1764
625,1849
625,1936
625,2025
625,2116
625,2209
625,2304
625,2401
625,2500
625,2601
625,2704
625,2809
625,2916
625,3025
625,3136
625,3249
625,3364
625,3481
625,3600
625,3721
625,3844
625,3969
625,4096
625,4225
625,4356
625,4489
625,4624
625,4761
625,4900
625,5041
625,5184
625,5329
625,5476
625,5625
625,5776
625,5929
625,6084
625,6241
625,6400
625,6561
625,6724
625,6889
625,7056
625,7225
625,7396
625,7569
625,7744
625,7921
625,8100
625,8281
625,8464
625,8649
625,8836
625,9025
625,9216
625,9409
625,9604
625,9801
625,10000
676,729
676,784
676,841
676,900
676,961
676,1024
676,1089
676,1156
676,1225
676,1296
676,1369
676,1444
676,1521
676,1600
676,1681
676,1764
676,1849
676,1936
676,2025
676,2116
676,2209
676,2304
676,2401
676,2500
676,2601
676,2704
676,2809
676,2916
676,3025
676,3136
676,3249
676,3364
676,3481
676,3600
676,3721
676,3844
676,3969
676,4096
676,4225
676,4356
676,4489
676,4624
676,4761
676,4900
676,5041
676,5184
676,5329
676,5476
676,5625
676,5776
676,5929
676,6084
676,6241
676,6400
676,6561
676,6724
676,6889
676,7056
676,7225
676,7396
676,7569
676,7744
676,7921
676,8100
676,8281
676,8464
676,8649
676,8836
676,9025
676,9216
676,9409
676,9604
676,9801
676,10000
729,784
729,841
729,900
729,961
729,1024
729,1089
729,1156
729,1225
729,1296
729,1369
729,1444
729,1521
729,1600
729,1681
729,1764
729,1849
729,1936
729,2025
729,2116
729,2209
729,2304
729,2401
729,2500
729,2601
729,2704
729,2809
729,2916
729,3025
729,3136
729,3249
729,3364
729,3481
729,3600
729,3721
729,3844
729,3969
729,4096
729,4225
729,4356
729,4489
729,4624
729,4761
729,4900
729,5041
729,5184
729,5329
729,5476
729,5625
729,5776
729,5929
729,6084
729,6241
729,6400
729,6561
729,6724
729,6889
729,7056
729,7225
729,7396
729,7569
729,7744
729,7921
729,8100
729,8281
729,8464
729,8649
729,8836
729,9025
729,9216
729,9409
729,9604
729,9801
729,10000
784,841
784,900
784,961
784,1024
784,1089
784,1156
784,1225
784,1296
784,1369
784,1444
784,1521
784,1600
784,1681
784,1764
784,1849
784,1936
784,2025
784,2116
784,2209
784,2304
784,2401
784,2500
784,2601
784,2704
784,2809
784,2916
784,3025
784,3136
784,3249
784,3364
784,3481
784,3600
784,3721
784,3844
784,3969
784,4096
784,4225
784,4356
784,4489
784,4624
784,4761
784,4900
784,5041
784,5184
784,5329
784,5476
784,5625
784,5776
784,5929
784,6084
784,6241
784,6400
784,6561
784,6724
784,6889
784,7056
784,7225
784,7396
784,7569
784,7744
784,7921
784,8100
784,8281
784,8464
784,8649
784,8836
784,9025
784,9216
784,9409
784,9604
784,9801
784,10000
841,900
841,961
841,1024
841,1089
841,1156
841,1225
841,1296
841,1369
841,1444
841,1521
841,1600
841,1681
841,1764
841,1849
841,1936
841,2025
841,2116
841,2209
841,2304
841,2401
841,2500
841,2601
841,2704
841,2809
841,2916
841,3025
841,3136
841,3249
841,3364
841,3481
841,3600
841,3721
841,3844
841,3969
841,4096
841,4225
841,4356
841,4489
841,4624
841,4761
841,4900
841,5041
841,5184
841,5329
841,5476
841,5625
841,5776
841,5929
841,6084
841,6241
841,6400
841,6561
841,6724
841,6889
841,7056
841,7225
841,7396
841,7569
841,7744
841,7921
841,8100
841,8281
841,8464
841,8649
841,8836
841,9025
841,9216
841,9409
841,9604
841,9801
841,10000
900,961
900,1024
900,1089
900,1156
900,1225
900,1296
900,1369
900,1444
900,1521
900,1600
900,1681
900,1764
900,1849
900,1936
900,2025
900,2116
900,2209
900,2304
900,2401
900,2500
900,2601
900,2704
900,2809
900,2916
900,3025
900,3136
900,3249
900,3364
900,3481
900,3600
900,3721
900,3844
900,3969
900,4096
900,4225
900,4356
900,4489
900,4624
900,4761
900,4900
900,5041
900,5184
900,5329
900,5476
900,5625
900,5776
900,5929
900,6084
900,6241
900,6400
900,6561
900,6724
900,6889
900,7056
900,7225
900,7396
900,7569
900,7744
900,7921
900,8100
900,8281
900,8464
900,8649
900,8836
900,9025
900,9216
900,9409
900,9604
900,9801
900,10000
961,1024
961,1089
961,1156
961,1225
961,1296
961,1369
961,1444
961,1521
961,1600
961,1681
961,1764
961,1849
961,1936
961,2025
961,2116
961,2209
961,2304
961,2401
961,2500
961,2601
961,2704
961,2809
961,2916
961,3025
961,3136
961,3249
961,3364
961,3481
961,3600
961,3721
961,3844
961,3969
961,4096
961,4225
961,4356
961,4489
961,4624
961,4761
961,4900
961,5041
961,5184
961,5329
961,5476
961,5625
961,5776
961,5929
961,6084
961,6241
961,6400
961,6561
961,6724
961,6889
961,7056
961,7225
961,7396
961,7569
961,7744
961,7921
961,8100
961,8281
961,8464
961,8649
961,8836
961,9025
961,9216
961,9409
961,9604
961,9801
961,10000
1024,1089
1024,1156
1024,1225
1024,1296
1024,1369
1024,1444
1024,1521
1024,1600
1024,1681
1024,1764
1024,1849
1024,1936
1024,2025
1024,2116
1024,2209
1024,2304
1024,2401
1024,2500
1024,2601
1024,2704
1024,2809
1024,2916
1024,3025
1024,3136
1024,3249
1024,3364
1024,3481
1024,3600
1024,3721
1024,3844
1024,3969
1024,4096
1024,4225
1024,4356
1024,4489
1024,4624
1024,4761
1024,4900
1024,5041
1024,5184
1024,5329
1024,5476
1024,5625
1024,5776
1024,5929
1024,6084
1024,6241
1024,6400
1024,6561
1024,6724
1024,6889
1024,7056
1024,7225
1024,7396
1024,7569
1024,7744
1024,7921
1024,8100
1024,8281
1024,8464
1024,8649
1024,8836
1024,9025
1024,9216
1024,9409
1024,9604
1024,9801
1024,10000
1089,1156
1089,1225
1089,1296
1089,1369
1089,1444
1089,1521
1089,1600
1089,1681
1089,1764
1089,1849
1089,1936
1089,2025
1089,2116
1089,2209
1089,2304
1089,2401
1089,2500
1089,2601
1089,2704
1089,2809
1089,2916
1089,3025
1089,3136
1089,3249
1089,3364
1089,3481
1089,3600
1089,3721
1089,3844
1089,3969
1089,4096
1089,4225
1089,4356
1089,4489
1089,4624
1089,4761
1089,4900
1089,5041
1089,5184
1089,5329
1089,5476
1089,5625
1089,5776
1089,5929
1089,6084
1089,6241
1089,6400
1089,6561
1089,6724
1089,6889
1089,7056
1089,7225
1089,7396
1089,7569
1089,7744
1089,7921
1089,8100
1089,8281
1089,8464
1089,8649
1089,8836
1089,9025
1089,9216
1089,9409
1089,9604
1089,9801
1089,10000
1156,1225
1156,1296
1156,1369
1156,1444
1156,1521
1156,1600
1156,1681
1156,1764
1156,1849
1156,1936
1156,2025
1156,2116
1156,2209
1156,2304
1156,2401
1156,2500
1156,2601
1156,2704
1156,2809
1156,2916
1156,3025
1156,3136
1156,3249
1156,3364
1156,3481
1156,3600
1156,3721
1156,3844
1156,3969
1156,4096
1156,4225
1156,4356
1156,4489
1156,4624
1156,4761
1156,4900
1156,5041
1156,5184
1156,5329
1156,5476
1156,5625
1156,5776
1156,5929
1156,6084
1156,6241
1156,6400
1156,6561
1156,6724
1156,6889
1156,7056
1156,7225
1156,7396
1156,7569
1156,7744
1156,7921
1156,8100
1156,8281
1156,8464
1156,8649
1156,8836
1156,9025
1156,9216
1156,9409
1156,9604
1156,9801
1156,10000
1225,1296
1225,1369
1225,1444
1225,1521
1225,1600
1225,1681
1225,1764
1225,1849
1225,1936
1225,2025
1225,2116
1225,2209
1225,2304
1225,2401
1225,2500
1225,2601
1225,2704
1225,2809
1225,2916
1225,3025
1225,3136
1225,3249
1225,3364
1225,3481
1225,3600
1225,3721
1225,3844
1225,3969
1225,4096
1225,4225
1225,4356
1225,4489
1225,4624
1225,4761
1225,4900
1225,5041
1225,5184
1225,5329
1225,5476
1225,5625
1225,5776
1225,5929
1225,6084
1225,6241
1225,6400
1225,6561
1225,6724
1225,6889
1225,7056
1225,7225
1225,7396
1225,7569
1225,7744
1225,7921
1225,8100
1225,8281
1225,8464
1225,8649
1225,8836
1225,9025
1225,9216
1225,9409
1225,9604
1225,9801
1225,10000
1296,1369
1296,1444
1296,1521
1296,1600
1296,1681
1296,1764
1296,1849
1296,1936
1296,2025
1296,2116
1296,2209
1296,2304
1296,2401
1296,2500
1296,2601
1296,2704
1296,2809
1296,2916
1296,3025
1296,3136
1296,3249
1296,3364
1296,3481
1296,3600
1296,3721
1296,3844
1296,3969
1296,4096
1296,4225
1296,4356
1296,4489
1296,4624
1296,4761
1296,4900
1296,5041
1296,5184
1296,5329
1296,5476
1296,5625
1296,5776
1296,5929
1296,6084
1296,6241
1296,6400
1296,6561
1296,6724
1296,6889
1296,7056
1296,7225
1296,7396
1296,7569
1296,7744
1296,7921
1296,8100
1296,8281
1296,8464
1296,8649
1296,8836
1296,9025
1296,9216
1296,9409
1296,9604
1296,9801
1296,10000
1369,1444
1369,1521
1369,1600
1369,1681
1369,1764
1369,1849
1369,1936
1369,2025
1369,2116
1369,2209
1369,2304
1369,2401
1369,2500
1369,2601
1369,2704
1369,2809
1369,2916
1369,3025
1369,3136
1369,3249
1369,3364
1369,3481
1369,3600
1369,3721
1369,3844
1369,3969
1369,4096
1369,4225
1369,4356
1369,4489
1369,4624
1369,4761
1369,4900
1369,5041
1369,5184
1369,5329
1369,5476
1369,5625
1369,5776
1369,5929
1369,6084
1369,6241
1369,6400
1369,6561
1369,6724
1369,6889
1369,7056
1369,7225
1369,7396
1369,7569
1369,7744
1369,7921
1369,8100
1369,8281
1369,8464
1369,8649
1369,8836
1369,9025
1369,9216
1369,9409
1369,9604
1369,9801
1369,10000
1444,1521
1444,1600
1444,1681
1444,1764
1444,1849
1444,1936
1444,2025
1444,2116
1444,2209
1444,2304
1444,2401
1444,2500
1444,2601
1444,2704
1444,2809
1444,2916
1444,3025
1444,3136
1444,3249
1444,3364
1444,3481
1444,3600
1444,3721
1444,3844
1444,3969
1444,4096
1444,4225
1444,4356
1444,4489
1444,4624
1444,4761
1444,4900
1444,5041
1444,5184
1444,5329
1444,5476
1444,5625
1444,5776
1444,5929
1444,6084
1444,6241
1444,6400
1444,6561
1444,6724
1444,6889
1444,7056
1444,7225
1444,7396
1444,7569
1444,7744
1444,7921
1444,8100
1444,8281
1444,8464
1444,8649
1444,8836
1444,9025
1444,9216
1444,9409
1444,9604
1444,9801
1444,10000
1521,1600
1521,1681
1521,1764
1521,1849
1521,1936
1521,2025
1521,2116
1521,2209
1521,2304
1521,2401
1521,2500
1521,2601
1521,2704
1521,2809
1521,2916
1521,3025
1521,3136
1521,3249
1521,3364
1521,3481
1521,3600
1521,3721
1521,3844
1521,3969
1521,4096
1521,4225
1521,4356
1521,4489
1521,4624
1521,4761
1521,4900
1521,5041
1521,5184
1521,5329
1521,5476
1521,5625
1521,5776
1521,5929
1521,6084
1521,6241
1521,6400
1521,6561
1521,6724
1521,6889
1521,7056
1521,7225
1521,7396
1521,7569
1521,7744
1521,7921
1521,8100
1521,8281
1521,8464
1521,8649
1521,8836
1521,9025
1521,9216
1521,9409
1521,9604
1521,9801
1521,10000
1600,1681
1600,1764
1600,1849
1600,1936
1600,2025
1600,2116
1600,2209
1600,2304
1600,2401
1600,2500
1600,2601
1600,2704
1600,2809
1600,2916
1600,3025
1600,3136
1600,3249
1600,3364
1600,3481
1600,3600
1600,3721
1600,3844
1600,3969
1600,4096
1600,4225
1600,4356
1600,4489
1600,4624
1600,4761
1600,4900
1600,5041
1600,5184
1600,5329
1600,5476
1600,5625
1600,5776
1600,5929
1600,6084
1600,6241
1600,6400
1600,6561
1600,6724
1600,6889
1600,7056
1600,7225
1600,7396
1600,7569
1600,7744
1600,7921
1600,8100
1600,8281
1600,8464
1600,8649
1600,8836
1600,9025
1600,9216
1600,9409
1600,9604
1600,9801
1600,10000
1681,1764
1681,1849
1681,1936
1681,2025
1681,2116
1681,2209
1681,2304
1681,2401
1681,2500
1681,2601
1681,2704
1681,2809
1681,2916
1681,3025
1681,3136
1681,3249
1681,3364
1681,3481
1681,3600
1681,3721
1681,3844
1681,3969
1681,4096
1681,4225
1681,4356
1681,4489
1681,4624
1681,4761
1681,4900
1681,5041
1681,5184
1681,5329
1681,5476
1681,5625
1681,5776
1681,5929
1681,6084
1681,6241
1681,6400
1681,6561
1681,6724
1681,6889
1681,7056
1681,7225
1681,7396
1681,7569
1681,7744
1681,7921
1681,8100
1681,8281
1681,8464
1681,8649
1681,8836
1681,9025
1681,9216
1681,9409
1681,9604
1681,9801
1681,10000
1764,1849
1764,1936
1764,2025
1764,2116
1764,2209
1764,2304
1764,2401
1764,2500
1764,2601
1764,2704
1764,2809
1764,2916
1764,3025
1764,3136
1764,3249
1764,3364
1764,3481
1764,3600
1764,3721
1764,3844
1764,3969
1764,4096
1764,4225
1764,4356
1764,4489
1764,4624
1764,4761
1764,4900
1764,5041
1764,5184
1764,5329
1764,5476
1764,5625
1764,5776
1764,5929
1764,6084
1764,6241
1764,6400
1764,6561
1764,6724
1764,6889
1764,7056
1764,7225
1764,7396
1764,7569
1764,7744
1764,7921
1764,8100
1764,8281
1764,8464
1764,8649
1764,8836
1764,9025
1764,9216
1764,9409
1764,9604
1764,9801
1764,10000
1849,1936
1849,2025
1849,2116
1849,2209
1849,2304
1849,2401
1849,2500
1849,2601
1849,2704
1849,2809
1849,2916
1849,3025
1849,3136
1849,3249
1849,3364
1849,3481
1849,3600
1849,3721
1849,3844
1849,3969
1849,4096
1849,4225
1849,4356
1849,4489
1849,4624
1849,4761
1849,4900
1849,5041
1849,5184
1849,5329
1849,5476
1849,5625
1849,5776
1849,5929
1849,6084
1849,6241
1849,6400
1849,6561
1849,6724
1849,6889
1849,7056
1849,7225
1849,7396
1849,7569
1849,7744
1849,7921
1849,8100
1849,8281
1849,8464
1849,8649
1849,8836
1849,9025
1849,9216
1849,9409
1849,9604
1849,9801
1849,10000
1936,2025
1936,2116
1936,2209
1936,2304
1936,2401
1936,2500
1936,2601
1936,2704
1936,2809
1936,2916
1936,3025
1936,3136
1936,3249
1936,3364
1936,3481
1936,3600
1936,3721
1936,3844
1936,3969
1936,4096
1936,4225
1936,4356
1936,4489
1936,4624
1936,4761
1936,4900
1936,5041
1936,5184
1936,5329
1936,5476
1936,5625
1936,5776
1936,5929
1936,6084
1936,6241
1936,6400
1936,6561
1936,6724
1936,6889
1936,7056
1936,7225
1936,7396
1936,7569
1936,7744
1936,7921
1936,8100
1936,8281
1936,8464
1936,8649
1936,8836
1936,9025
1936,9216
1936,9409
1936,9604
1936,9801
1936,10000
2025,2116
2025,2209
2025,2304
2025,2401
2025,2500
2025,2601
2025,2704
2025,2809
2025,2916
2025,3025
2025,3136
2025,3249
2025,3364
2025,3481
2025,3600
2025,3721
2025,3844
2025,3969
2025,4096
2025,4225
2025,4356
2025,4489
2025,4624
2025,4761
2025,4900
2025,5041
2025,5184
2025,5329
2025,5476
2025,5625
2025,5776
2025,5929
2025,6084
2025,6241
2025,6400
2025,6561
2025,6724
2025,6889
2025,7056
2025,7225
2025,7396
2025,7569
2025,7744
2025,7921
2025,8100
2025,8281
2025,8464
2025,8649
2025,8836
2025,9025
2025,9216
2025,9409
2025,9604
2025,9801
2025,10000
2116,2209
2116,2304
2116,2401
2116,2500
2116,2601
2116,2704
2116,2809
2116,2916
2116,3025
2116,3136
2116,3249
2116,3364
2116,3481
2116,3600
2116,3721
2116,3844
2116,3969
2116,4096
2116,4225
2116,4356
2116,4489
2116,4624
2116,4761
2116,4900
2116,5041
2116,5184
2116,5329
2116,5476
2116,5625
2116,5776
2116,5929
2116,6084
2116,6241
2116,6400
2116,6561
2116,6724
2116,6889
2116,7056
2116,7225
2116,7396
2116,7569
2116,7744
2116,7921
2116,8100
2116,8281
2116,8464
2116,8649
2116,8836
2116,9025
2116,9216
2116,9409
2116,9604
2116,9801
2116,10000
2209,2304
2209,2401
2209,2500
2209,2601
2209,2704
2209,2809
2209,2916
2209,3025
2209,3136
2209,3249
2209,3364
2209,3481
2209,3600
2209,3721
2209,3844
2209,3969
2209,4096
2209,4225
2209,4356
2209,4489
2209,4624
2209,4761
2209,4900
2209,5041
2209,5184
2209,5329
2209,5476
2209,5625
2209,5776
2209,5929
2209,6084
2209,6241
2209,6400
2209,6561
2209,6724
2209,6889
2209,7056
2209,7225
2209,7396
2209,7569
2209,7744
2209,7921
2209,8100
2209,8281
2209,8464
2209,8649
2209,8836
2209,9025
2209,9216
2209,9409
2209,9604
2209,9801
2209,10000
2304,2401
2304,2500
2304,2601
2304,2704
2304,2809
2304,2916
2304,3025
2304,3136
2304,3249
2304,3364
2304,3481
2304,3600
2304,3721
2304,3844
2304,3969
2304,4096
2304,4225
2304,4356
2304,4489
2304,4624
2304,4761
2304,4900
2304,5041
2304,5184
2304,5329
2304,5476
2304,5625
2304,5776
2304,5929
2304,6084
2304,6241
2304,6400
2304,6561
2304,6724
2304,6889
2304,7056
2304,7225
2304,7396
2304,7569
2304,7744
2304,7921
2304,8100
2304,8281
2304,8464
2304,8649
2304,8836
2304,9025
2304,9216
2304,9409
2304,9604
2304,9801
2304,10000
2401,2500
2401,2601
2401,2704
2401,2809
2401,2916
2401,3025
2401,3136
2401,3249
2401,3364
2401,3481
2401,3600
2401,3721
2401,3844
2401,3969
2401,4096
2401,4225
2401,4356
2401,4489
2401,4624
2401,4761
2401,4900
2401,5041
2401,5184
2401,5329
2401,5476
2401,5625
2401,5776
2401,5929
2401,6084
2401,6241
2401,6400
2401,6561
2401,6724
2401,6889
2401,7056
2401,7225
2401,7396
2401,7569
2401,7744
2401,7921
2401,8100
2401,8281
2401,8464
2401,8649
2401,8836
2401,9025
2401,9216
2401,9409
2401,9604
2401,9801
2401,10000
2500,2601
2500,2704
2500,2809
2500,2916
2500,3025
2500,3136
2500,3249
2500,3364
2500,3481
2500,3600
2500,3721
2500,3844
2500,3969
2500,4096
2500,4225
2500,4356
2500,4489
2500,4624
2500,4761
2500,4900
2500,5041
2500,5184
2500,5329
2500,5476
2500,5625
2500,5776
2500,5929
2500,6084
2500,6241
2500,6400
2500,6561
2500,6724
2500,6889
2500,7056
2500,7225
2500,7396
2500,7569
2500,7744
2500,7921
2500,8100
2500,8281
2500,8464
2500,8649
2500,8836
2500,9025
2500,9216
2500,9409
2500,9604
2500,9801
2500,10000
2601,2704
2601,2809
2601,2916
2601,3025
2601,3136
2601,3249
2601,3364
2601,3481
2601,3600
2601,3721
2601,3844
2601,3969
2601,4096
2601,4225
2601,4356
2601,4489
2601,4624
2601,4761
2601,4900
2601,5041
2601,5184
2601,5329
2601,5476
2601,5625
2601,5776
2601,5929
2601,6084
2601,6241
2601,6400
2601,6561
2601,6724
2601,6889
2601,7056
2601,7225
2601,7396
2601,7569
2601,7744
2601,7921
2601,8100
2601,8281
2601,8464
2601,8649
2601,8836
2601,9025
2601,9216
2601,9409
2601,9604
2601,9801
2601,10000
2704,2809
2704,2916
2704,3025
2704,3136
2704,3249
2704,3364
2704,3481
2704,3600
2704,3721
2704,3844
2704,3969
2704,4096
2704,4225
2704,4356
2704,4489
2704,4624
2704,4761
2704,4900
2704,5041
2704,5184
2704,5329
2704,5476
2704,5625
2704,5776
2704,5929
2704,6084
2704,6241
2704,6400
2704,6561
2704,6724
2704,6889
2704,7056
2704,7225
2704,7396
2704,7569
2704,7744
2704,7921
2704,8100
2704,8281
2704,8464
2704,8649
2704,8836
2704,9025
2704,9216
2704,9409
2704,9604
2704,9801
2704,10000
2809,2916
2809,3025
2809,3136
2809,3249
2809,3364
2809,3481
2809,3600
2809,3721
2809,3844
2809,3969
2809,4096
2809,4225
2809,4356
2809,4489
2809,4624
2809,4761
2809,4900
2809,5041
2809,5184
2809,5329
2809,5476
2809,5625
2809,5776
2809,5929
2809,6084
2809,6241
2809,6400
2809,6561
2809,6724
2809,6889
2809,7056
2809,7225
2809,7396
2809,7569
2809,7744
2809,7921
2809,8100
2809,8281
2809,8464
2809,8649
2809,8836
2809,9025
2809,9216
2809,9409
2809,9604
2809,9801
2809,10000
2916,3025
2916,3136
2916,3249
2916,3364
2916,3481
2916,3600
2916,3721
2916,3844
2916,3969
2916,4096
2916,4225
2916,4356
2916,4489
2916,4624
2916,4761
2916,4900
2916,5041
2916,5184
2916,5329
2916,5476
2916,5625
2916,5776
2916,5929
2916,6084
2916,6241
2916,6400
2916,6561
2916,6724
2916,6889
2916,7056
2916,7225
2916,7396
2916,7569
2916,7744
2916,7921
2916,8100
2916,8281
2916,8464
2916,8649
2916,8836
2916,9025
2916,9216
2916,9409
2916,9604
2916,9801
2916,10000
3025,3136
3025,3249
3025,3364
3025,3481
3025,3600
3025,3721
3025,3844
3025,3969
3025,4096
3025,4225
3025,4356
3025,4489
3025,4624
3025,4761
3025,4900
3025,5041
3025,5184
3025,5329
3025,5476
3025,5625
3025,5776
3025,5929
3025,6084
3025,6241
3025,6400
3025,6561
3025,6724
3025,6889
3025,7056
3025,7225
3025,7396
3025,7569
3025,7744
3025,7921
3025,8100
3025,8281
3025,8464
3025,8649
3025,8836
3025,9025
3025,9216
3025,9409
3025,9604
3025,9801
3025,10000
3136,3249
3136,3364
3136,3481
3136,3600
3136,3721
3136,3844
3136,3969
3136,4096
3136,4225
3136,4356
3136,4489
3136,4624
3136,4761
3136,4900
3136,5041
3136,5184
3136,5329
3136,5476
3136,5625
3136,5776
3136,5929
3136,6084
3136,6241
3136,6400
3136,6561
3136,6724
3136,6889
3136,7056
3136,7225
3136,7396
3136,7569
3136,7744
3136,7921
3136,8100
3136,8281
3136,8464
3136,8649
3136,8836
3136,9025
3136,9216
3136,9409
3136,9604
3136,9801
3136,10000
3249,3364
3249,3481
3249,3600
3249,3721
3249,3844
3249,3969
3249,4096
3249,4225
3249,4356
3249,4489
3249,4624
3249,4761
3249,4900
3249,5041
3249,5184
3249,5329
3249,5476
3249,5625
3249,5776
3249,5929
3249,6084
3249,6241
3249,6400
3249,6561
3249,6724
3249,6889
3249,7056
3249,7225
3249,7396
3249,7569
3249,7744
3249,7921
3249,8100
3249,8281
3249,8464
3249,8649
3249,8836
3249,9025
3249,9216
3249,9409
3249,9604
3249,9801
3249,10000
3364,3481
3364,3600
3364,3721
3364,3844
3364,3969
3364,4096
3364,4225
3364,4356
3364,4489
3364,4624
3364,4761
3364,4900
3364,5041
3364,5184
3364,5329
3364,5476
3364,5625
3364,5776
3364,5929
3364,6084
3364,6241
3364,6400
3364,6561
3364,6724
3364,6889
3364,7056
3364,7225
3364,7396
3364,7569
3364,7744
3364,7921
3364,8100
3364,8281
3364,8464
3364,8649
3364,8836
3364,9025
3364,9216
3364,9409
3364,9604
3364,9801
3364,10000
3481,3600
3481,3721
3481,3844
3481,3969
3481,4096
3481,4225
3481,4356
3481,4489
3481,4624
3481,4761
3481,4900
3481,5041
3481,5184
3481,5329
3481,5476
3481,5625
3481,5776
3481,5929
3481,6084
3481,6241
3481,6400
3481,6561
3481,6724
3481,6889
3481,7056
3481,7225
3481,7396
3481,7569
3481,7744
3481,7921
3481,8100
3481,8281
3481,8464
3481,8649
3481,8836
3481,9025
3481,9216
3481,9409
3481,9604
3481,9801
3481,10000
3600,3721
3600,3844
3600,3969
3600,4096
3600,4225
3600,4356
3600,4489
3600,4624
3600,4761
3600,4900
3600,5041
3600,5184
3600,5329
3600,5476
3600,5625
3600,5776
3600,5929
3600,6084
3600,6241
3600,6400
3600,6561
3600,6724
3600,6889
3600,7056
3600,7225
3600,7396
3600,7569
3600,7744
3600,7921
3600,8100
3600,8281
3600,8464
3600,8649
3600,8836
3600,9025
3600,9216
3600,9409
3600,9604
3600,9801
3600,10000
3721,3844
3721,3969
3721,4096
3721,4225
3721,4356
3721,4489
3721,4624
3721,4761
3721,4900
3721,5041
3721,5184
3721,5329
3721,5476
3721,5625
3721,5776
3721,5929
3721,6084
3721,6241
3721,6400
3721,6561
3721,6724
3721,6889
3721,7056
3721,7225
3721,7396
3721,7569
3721,7744
3721,7921
3721,8100
3721,8281
3721,8464
3721,8649
3721,8836
3721,9025
3721,9216
3721,9409
3721,9604
3721,9801
3721,10000
3844,3969
3844,4096
3844,4225
3844,4356
3844,4489
3844,4624
3844,4761
3844,4900
3844,5041
3844,5184
3844,5329
3844,5476
3844,5625
3844,5776
3844,5929
3844,6084
3844,6241
3844,6400
3844,6561
3844,6724
3844,6889
3844,7056
3844,7225
3844,7396
3844,7569
3844,7744
3844,7921
3844,8100
3844,8281
3844,8464
3844,8649
3844,8836
3844,9025
3844,9216
3844,9409
3844,9604
3844,9801
3844,10000
3969,4096
3969,4225
3969,4356
3969,4489
3969,4624
3969,4761
3969,4900
3969,5041
3969,5184
3969,5329
3969,5476
3969,5625
3969,5776
3969,5929
3969,6084
3969,6241
3969,6400
3969,6561
3969,6724
3969,6889
3969,7056
3969,7225
3969,7396
3969,7569
3969,7744
3969,7921
3969,8100
3969,8281
3969,8464
3969,8649
3969,8836
3969,9025
3969,9216
3969,9409
3969,9604
3969,9801
3969,10000
4096,4225
4096,4356
4096,4489
4096,4624
4096,4761
4096,4900
4096,5041
4096,5184
4096,5329
4096,5476
4096,5625
4096,5776
4096,5929
4096,6084
4096,6241
4096,6400
4096,6561
4096,6724
4096,6889
4096,7056
4096,7225
4096,7396
4096,7569
4096,7744
4096,7921
4096,8100
4096,8281
4096,8464
4096,8649
4096,8836
4096,9025
4096,9216
4096,9409
4096,9604
4096,9801
4096,10000
4225,4356
4225,4489
4225,4624
4225,4761
4225,4900
4225,5041
4225,5184
4225,5329
4225,5476
4225,5625
4225,5776
4225,5929
4225,6084
4225,6241
4225,6400
4225,6561
4225,6724
4225,6889
4225,7056
4225,7225
4225,7396
4225,7569
4225,7744
4225,7921
4225,8100
4225,8281
4225,8464
4225,8649
4225,8836
4225,9025
4225,9216
4225,9409
4225,9604
4225,9801
4225,10000
4356,4489
4356,4624
4356,4761
4356,4900
4356,5041
4356,5184
4356,5329
4356,5476
4356,5625
4356,5776
4356,5929
4356,6084
4356,6241
4356,6400
4356,6561
4356,6724
4356,6889
4356,7056
4356,7225
4356,7396
4356,7569
4356,7744
4356,7921
4356,8100
4356,8281
4356,8464
4356,8649
4356,8836
4356,9025
4356,9216
4356,9409
4356,9604
4356,9801
4356,10000
4489,4624
4489,4761
4489,4900
4489,5041
4489,5184
4489,5329
4489,5476
4489,5625
4489,5776
4489,5929
4489,6084
4489,6241
4489,6400
4489,6561
4489,6724
4489,6889
4489,7056
4489,7225
4489,7396
4489,7569
4489,7744
4489,7921
4489,8100
4489,8281
4489,8464
4489,8649
4489,8836
4489,9025
4489,9216
4489,9409
4489,9604
4489,9801
4489,10000
4624,4761
4624,4900
4624,5041
4624,5184
4624,5329
4624,5476
4624,5625
4624,5776
4624,5929
4624,6084
4624,6241
4624,6400
4624,6561
4624,6724
4624,6889
4624,7056
4624,7225
4624,7396
4624,7569
4624,7744
4624,7921
4624,8100
4624,8281
4624,8464
4624,8649
4624,8836
4624,9025
4624,9216
4624,9409
4624,9604
4624,9801
4624,10000
4761,4900
4761,5041
4761,5184
4761,5329
4761,5476
4761,5625
4761,5776
4761,5929
4761,6084
4761,6241
4761,6400
4761,6561
4761,6724
4761,6889
4761,7056
4761,7225
4761,7396
4761,7569
4761,7744
4761,7921
4761,8100
4761,8281
4761,8464
4761,8649
4761,8836
4761,9025
4761,9216
4761,9409
4761,9604
4761,9801
4761,10000
4900,5041
4900,5184
4900,5329
4900,5476
4900,5625
4900,5776
4900,5929
4900,6084
4900,6241
4900,6400
4900,6561
4900,6724
4900,6889
4900,7056
4900,7225
4900,7396
4900,7569
4900,7744
4900,7921
4900,8100
4900,8281
4900,8464
4900,8649
4900,8836
4900,9025
4900,9216
4900,9409
4900,9604
4900,9801
4900,10000
5041,5184
5041,5329
5041,5476
5041,5625
5041,5776
5041,5929
5041,6084
5041,6241
5041,6400
5041,6561
5041,6724
5041,6889
5041,7056
5041,7225
5041,7396
5041,7569
5041,7744
5041,7921
5041,8100
5041,8281
5041,8464
5041,8649
5041,8836
5041,9025
5041,9216
5041,9409
5041,9604
5041,9801
5041,10000
5184,5329
5184,5476
5184,5625
5184,5776
5184,5929
5184,6084
5184,6241
5184,6400
5184,6561
5184,6724
5184,6889
5184,7056
5184,7225
5184,7396
5184,7569
5184,7744
5184,7921
5184,8100
5184,8281
5184,8464
5184,8649
5184,8836
5184,9025
5184,9216
5184,9409
5184,9604
5184,9801
5184,10000
5329,5476
5329,5625
5329,5776
5329,5929
5329,6084
5329,6241
5329,6400
5329,6561
5329,6724
5329,6889
5329,7056
5329,7225
5329,7396
5329,7569
5329,7744
5329,7921
5329,8100
5329,8281
5329,8464
5329,8649
5329,8836
5329,9025
5329,9216
5329,9409
5329,9604
5329,9801
5329,10000
5476,5625
5476,5776
5476,5929
5476,6084
5476,6241
5476,6400
5476,6561
5476,6724
5476,6889
5476,7056
5476,7225
5476,7396
5476,7569
5476,7744
5476,7921
5476,8100
5476,8281
5476,8464
5476,8649
5476,8836
5476,9025
5476,9216
5476,9409
5476,9604
5476,9801
5476,10000
5625,5776
5625,5929
5625,6084
5625,6241
5625,6400
5625,6561
5625,6724
5625,6889
5625,7056
5625,7225
5625,7396
5625,7569
5625,7744
5625,7921
5625,8100
5625,8281
5625,8464
5625,8649
5625,8836
5625,9025
5625,9216
5625,9409
5625,9604
5625,9801
5625,10000
5776,5929
5776,6084
5776,6241
5776,6400
5776,6561
5776,6724
5776,6889
5776,7056
5776,7225
5776,7396
5776,7569
5776,7744
5776,7921
5776,8100
5776,8281
5776,8464
5776,8649
5776,8836
5776,9025
5776,9216
5776,9409
5776,9604
5776,9801
5776,10000
5929,6084
5929,6241
5929,6400
5929,6561
5929,6724
5929,6889
5929,7056
5929,7225
5929,7396
5929,7569
5929,7744
5929,7921
5929,8100
5929,8281
5929,8464
5929,8649
5929,8836
5929,9025
5929,9216
5929,9409
5929,9604
5929,9801
5929,10000
6084,6241
6084,6400
6084,6561
6084,6724
6084,6889
6084,7056
6084,7225
6084,7396
6084,7569
6084,7744
6084,7921
6084,8100
6084,8281
6084,8464
6084,8649
6084,8836
6084,9025
6084,9216
6084,9409
6084,9604
6084,9801
6084,10000
6241,6400
6241,6561
6241,6724
6241,6889
6241,7056
6241,7225
6241,7396
6241,7569
6241,7744
6241,7921
6241,8100
6241,8281
6241,8464
6241,8649
6241,8836
6241,9025
6241,9216
6241,9409
6241,9604
6241,9801
6241,10000
6400,6561
6400,6724
6400,6889
6400,7056
6400,7225
6400,7396
6400,7569
6400,7744
6400,7921
6400,8100
6400,8281
6400,8464
6400,8649
6400,8836
6400,9025
6400,9216
6400,9409
6400,9604
6400,9801
6400,10000
6561,6724
6561,6889
6561,7056
6561,7225
6561,7396
6561,7569
6561,7744
6561,7921
6561,8100
6561,8281
6561,8464
6561,8649
6561,8836
6561,9025
6561,9216
6561,9409
6561,9604
6561,9801
6561,10000
6724,6889
6724,7056
6724,7225
6724,7396
6724,7569
6724,7744
6724,7921
6724,8100
6724,8281
6724,8464
6724,8649
6724,8836
6724,9025
6724,9216
6724,9409
6724,9604
6724,9801
6724,10000
6889,7056
6889,7225
6889,7396
6889,7569
6889,7744
6889,7921
6889,8100
6889,8281
6889,8464
6889,8649
6889,8836
6889,9025
6889,9216
6889,9409
6889,9604
6889,9801
6889,10000
7056,7225
7056,7396
7056,7569
7056,7744
7056,7921
7056,8100
7056,8281
7056,8464
7056,8649
7056,8836
7056,9025
7056,9216
7056,9409
7056,9604
7056,9801
7056,10000
7225,7396
7225,7569
7225,7744
7225,7921
7225,8100
7225,8281
7225,8464
7225,8649
7225,8836
7225,9025
7225,9216
7225,9409
7225,9604
7225,9801
7225,10000
7396,7569
7396,7744
7396,7921
7396,8100
7396,8281
7396,8464
7396,8649
7396,8836
7396,9025
7396,9216
7396,9409
7396,9604
7396,9801
7396,10000
7569,7744
7569,7921
7569,8100
7569,8281
7569,8464
7569,8649
7569,8836
7569,9025
7569,9216
7569,9409
7569,9604
7569,9801
7569,10000
7744,7921
7744,8100
7744,8281
7744,8464
7744,8649
7744,8836
7744,9025
7744,9216
7744,9409
7744,9604
7744,9801
7744,10000
7921,8100
7921,8281
7921,8464
7921,8649
7921,8836
7921,9025
7921,9216
7921,9409
7921,9604
7921,9801
7921,10000
8100,8281
8100,8464
8100,8649
8100,8836
8100,9025
8100,9216
8100,9409
8100,9604
8100,9801
8100,10000
8281,8464
8281,8649
8281,8836
8281,9025
8281,9216
8281,9409
8281,9604
8281,9801
8281,10000
8464,8649
8464,8836
8464,9025
8464,9216
8464,9409
8464,9604
8464,9801
8464,10000
8649,8836
8649,9025
8649,9216
8649,9409
8649,9604
8649,9801
8649,10000
8836,9025
8836,9216
8836,9409
8836,9604
8836,9801
8836,10000
9025,9216
9025,9409
9025,9604
9025,9801
9025,10000
9216,9409
9216,9604
9216,9801
9216,10000
9409,9604
9409,9801
9409,10000
9604,9801
9604,10000
9801,10000
